#This text file was made with the code from question 9
47759114.25305929
172317445.37777
319092258.51261616
566374441.1751655
940294795.5063659
1263838920.950448
1656620009.849214
2077759278.267685
2520360699.0653925
2979539770.5987186
3404374280.827732
3840265525.3192587
4384643497.426406
4889299474.372819
5400202421.646967
6388320732.097041
7496074715.264986
8615330891.146004
9582366150.863405
10610126511.047743
11806584066.416594
12843478144.123085
13993472689.834997
15092631984.23454
16086899871.224234
17249870001.404514
18359453235.556572
19467039837.267643
20520286003.117577
21519202597.590145
22685028146.90577
23907471466.58651
25076368249.63649
26024734549.24769
27250849882.966557
28199693368.309036
29425937321.473156
30597603570.507965
31603097019.60335
32720913940.640923
33781689673.441162
34900316607.02157
36074440972.05643
37081159445.1525
38311203117.18029
39373757647.46945
40434800127.64282
41609250647.739944
42727953520.689186
43733554431.62358
44908183014.60923
45917438833.55566
47260457225.73247
